0, 4040.659133
1, 3504.928806
2, 3509.156706
3, 3470.245357
4, 3426.032494
5, 3597.021217
6, 3529.817304
7, 3485.886246
8, 3503.250086
9, 3497.219983
10, 3501.046211
11, 3484.036038
12, 3419.031720
13, 3495.882779
14, 3509.493454
15, 3522.483351
16, 3504.784853
17, 3376.373300
18, 3512.237954
19, 3193.094932
20, 3428.647961
21, 3559.609555
22, 3595.707624
23, 3598.487511
24, 3620.677463
25, 3639.724177
26, 3631.205674
27, 3603.451431
28, 3617.249760
29, 3650.623886
30, 3563.176795
31, 3655.471784
32, 3651.665359
33, 3633.782825
34, 3679.429688
35, 3706.277508
36, 3679.059540
37, 3581.321172
38, 3715.961215
39, 3747.072600
40, 3699.047784
41, 3737.062610
42, 3704.293218
43, 3760.005875
44, 3744.387076
45, 3406.112375
46, 3662.794025
47, 3129.469579
48, 3413.196805
49, 3777.203984
50, 3771.361226
51, 3757.743006
52, 3796.529735
53, 3702.043354
54, 3677.368383
55, 3761.884469
56, 3725.261932
57, 3742.744777
58, 3775.143043
59, 3679.006668
60, 3757.467232
61, 3747.950340
62, 3776.423904
63, 3641.898909
64, 3883.848651
65, 3777.594145
66, 3744.332309
67, 3753.170403
68, 3797.149172
69, 3798.895946
70, 3735.481235
71, 3693.657298
72, 3701.882754
73, 3677.474035
74, 3693.071164
75, 3750.201427
76, 3772.472738
77, 3362.271635
78, 3740.666598
79, 3776.312490
80, 3720.227283
81, 3854.957234
82, 3780.271707
83, 3785.358352
84, 3766.755440
85, 3736.517157
86, 3772.917526
87, 3736.898958
88, 3653.593652
89, 3654.741170
90, 3752.950317
91, 3761.718635
92, 3764.096984
93, 3753.445546
94, 3762.160891
95, 3746.414564
96, 3775.978288
97, 3771.916900
98, 3673.147285
99, 3867.536862
