3332.817887,
3871.559109,
3647.201351,
3836.324993,
3366.947915,
3239.097800,
3616.915393,
4110.796341,
4097.923692,
4064.358110,
3305.283892,
4076.687732,
4155.956485,
3213.288089,
4097.067521,
3349.661063,
4057.563727,
3756.971798,
3566.156630,
3419.547759,
3892.651983,
3367.794203,
3723.949380,
3014.636068,
4089.823668,
3338.255612,
3257.918293,
3951.097743,
3335.262358,
4003.612130,
3325.727227,
3758.176974,
3626.912164,
4126.746670,
4021.975550,
4148.203869,
4040.642594,
4166.125801,
4159.582392,
4146.585285,
4145.240881,
3954.419365,
4141.348539,
4154.764152,
4083.920192,
4006.962150,
4120.956522,
3994.717883,
4073.684497,
4014.504859,
4060.813217,
4036.400832,
4091.875501,
4151.780570,
3445.993699,
4116.814464,
4002.262024,
4162.855110,
4143.097495,
3777.794356,
4152.032199,
4127.970419,
4116.312637,
4069.149945,
3986.970421,
4146.376540,
4145.515517,
4129.481947,
4057.374429,
4088.758994,
4103.173820,
3861.240242,
3939.865985,
4002.562070,
3906.131692,
4124.889989,
4135.996375,
3425.441634,
4126.337209,
4036.479580,
4143.056323,
4035.148325,
3740.678974,
3942.408299,
4133.105514,
4090.473758,
3757.150481,
4127.994494,
4143.192822,
3991.412154,
3869.463451,
4130.710297,
4065.145415,
3719.892704,
3864.780030,
4124.115550,
4030.898095,
4066.386778,
3806.271947,
3378.888824,
